Id
30165703
30165548
30165370
30161172
30161101
30158702
30158473
30157877
30157796
30157702
30157230
30157200
30157086
30154858
30154854
30151125
30153540
30153349
30152267
30151811
30151809
30151808
30151807
30151805
30151804
30151585
30151175
30151171
30150604
30148757
30148731
30148140
30147944
30145260
30144807
30143829
30142218
30141707
30140772
30139396
30139353
30139342
30138695
30137610
30135052
30134294
30134293
30134290
30133510
30132425
30131572
30131571
30131253
30129152
30128832
30128100
30127016
30125353
30125171
30123987
30123980
30123697
30123385
30122904
30122789
30121756
30120706
30120548
30120168
30119666
30119636
30118434
30117472
30117196
30117158
30116600
30116482
30116141
30116015
30115087
30115064
30113403
30112432
30112010
30111201
30109590
30109456
30109430
30109391
30107851
30106975
30106283
30105967
30105965
30105964
30105251
30105192
30105094
30105093
30104046
30103995
30103825
30102848
30102697
30101204
30100973
30100971
30099603
30097680
30097679
30097027
30096210
30096199
30096177
30096148
30096147
30095545
30094361
30094029
30092769
30092043
30090868
30089497
30089159
30089120
30088167
30087298
30087291
30087242
30085844
30084344
30084041
30083863
30083452
30083085
30081880
30080875
30080119
30079765
30079751
30079171
30077450
30076833
30076693
30074646
30074642
30073452
30072741
30072434
30072372
30071799
30071065
30071060
30069983
30069231
30069093
30069075
30068501
30067811
30067272
30066610
30065835
30064968
30064498
30064104
30063651
30063649
30062482
30061964
30061917
30061104
30059706
30058955
30057796
30056650
30055581
30055576
30055002
30053261
30053035
30052939
30052335
30051802
30051647
30051192
30050960
30050953
30050752
30050616
30049267
30048982
30047987
30047573
30047080
30046310
30045711
30045700
30044888
30044834
30044335
30041605
30041516
30041058
30039785
30039512
30038869
30038793
30038771
30038503
30038420
30037876
30037312
30037280
30037217
30036382
30036072
30033563
30033535
30033518
30033078
30032975
30031730
30031013
30029620
30029120
30028852
30028209
30027825
30027750
30027668
30027132
30026746
30026177
30025968
30025807
30024908
30024805
30024433
30021855
30021564
30020964
30020940
30020479
30019625
30018833
30018088
30017946
30017827
30017069
30016955
30016943
30016316
30015793
30014818
30013798
30013682
30012273
30012270
30012172
30012128
30012110
30012092
30010860
30009273
30009182
30006791
30006414
30006028
30005662
30005643
30005025
30005020
30004392
30003850
30002921
30002919
30002808
30002721
30002013
30001340
30001244
30001243
30001195
29998191
29998027
29997412
29996854
29996852
29996838
29996783
29996580
29995942
29995715
29995713
29994915
29994832
29992326
29991925
29991924
29989160
29989082
29989036
29988829
29988760
29988689
29988499
29988002
29986753
29985263
29984422
29984002
29983944
29982707
29981149
29980230
29979930
29979888
29979708
29979704
29979094
29977971
29977906
29976221
29976216
29976204
29975780
29974672
29974329
29974027
29973544
29972632
29972099
29971955
29971475
29971245
29971134
29970950
29970949
29970946
29970945
29970944
29970943
29970874
29970164
29970063
29968733
29968634
29968334
29968096
29967622
29967193
29966818
29966508
29965975
29965948
29963559
29961504
29961102
29960098
29959539
29959405
29959335
29959274
29958738
29958072
29956317
29955983
29955865
29955820
29955266
29953912
29953496
29952871
29952795
29952794
29952793
29952792
29952791
29952790
29952788
29952787
29952248
29951213
29951103
29949593
29949473
29948337
29948125
29946569
29946526
29946487
29946441
29946344
29945668
29945647
29944678
29944006
29943722
29943615
29943602
29943124
29942141
29941353
29940950
29940941
29940023
29938509
29937873
29937868
29937761
29935126
29934376
29934289
29933391
29932170
29930902
29930702
29929252
29928464
29927650
29926974
29926735
29926331
29925430
29925361
29925359
29924912
29924827
29923065
29921826
29921773
29921257
29921172
29920393
29915876
29915778
29915468
29915457
29914497
29914413
29914409
29914335
29912824
29912685
29911475
29911186
29911074
29908577
29908383
29907746
29906697
29906291
29906210
29905913
29905855
29904605
29904051
29903039
29902989
29902967
29902627
29902358
29901556
29901241
29900165
29899882
29899881
29896517
29895142
29895000
29894518
29894385
29894328
29893991
29893200
29893197
29891995
29891795
29890963
29890783
29890690
29889888
29887582
29886187
29885751
29885624
29885436
29884163
29884140
29883628
29883462
29883052
29882508
29882365
29881925
29881784
29881508
29881454
29881453
29879917
29879171
29879159
29879105
29878033
29877169
29875971
29875963
29875946
29874284
29872450
29872049
29871696
29870136
29870132
29868219
29867872
29867184
29866374
29866116
29866081
29863514
29862949
29862937
29862883
29862326
29862324
29862055
29861398
29860920
29859095
29858747
29857967
29856872
29856357
29855975
29855674
29855375
29854895
29854851
29854463
29854209
29853870
29853293
29852364
29852008
29851988
29851503
29851115
29850243
29849725
29849611
29848989
29848345
29848006
29847326
29846599
29845545
29844995
29843717
29808960
29808615
29808439
29808161
29807995
29807146
29806129
29806038
29804756
29801496
29801494
29801485
29800784
29800309
29798926
29796382
29795589
29794492
29794491
29794277
29794162
29794044
29792762
29792760
29792207
29792180
29792077
29791745
29790983
29790845
29790841
29790840
29790315
29789804
29789618
29788366
29788178
29787579
29786943
29784978
29783977
29783949
29782696
29782500
29781064
29779966
29779491
29779264
29778407
29777956
29777645
29777642
29777312
29777161
29776410
29776359
29776353
29773962
29773516
29773136
29772280
29771994
29770944
29770367
29770360
29770326
29770117
29769749
29769364
29769063
29769047
29768107
29767641
29767325
29767324
29766407
29766391
29766119
29764843
29764520
29764419
29764416
29764412
29764391
29762306
29762175
29760577
29760399
29760095
29757415
29756384
29753597
29752836
29752729
29752476
29751805
29751793
29751546
29751313
29750227
29747950
29747593
29746619
29746541
29746179
29745965
29745782
29745351
29745288
29744286
29744178
29744041
29743693
29743617
29743572
29743083
29743062
29741740
29741631
29741594
29741267
29740476
29739429
29739421
29739403
29739374
29738725
29736732
29736274
29736273
29736171
29735895
29735488
29734218
29729198
29728116
29727983
29727457
29725073
29722093
29720181
29720139
29720135
29720089
29719726
29719563
29717504
29716583
29715541
29713595
29713594
29713593
29713592
29713591
29713590
29713589
29713588
29713587
29713586
29713512
29713128
29712918
29709631
29708995
29708778
29707384
29707383
29706796
29706231
29706136
29705947
29704700
29702967
29702966
29702965
29702700
29701830
29698487
29697020
29696334
29696163
29695878
29695457
29695261
29692313
29692308
29690995
29690916
29690902
29690899
29690897
29690829
29690444
29690399
29690315
29690291
29690202
29690148
29690070
29689948
29689804
29688549
29688491
29688348
29688271
29688133
29687612
29687187
29686690
29686664
29686601
29686468
29686433
29685138
29684210
29683994
29683990
29683845
29682580
29681951
29681943
29681250
29680369
29679481
29678234
29676762
29674905
29674583
29674478
29673331
29672901
29671377
29671365
29670436
29669709
29669614
29669476
29669224
29668876
29668861
29668691
29667077
29666273
29665544
29664874
29664764
29664376
29663966
29663828
29662693
29661259
29661245
29659772
29658138
29656660
29656343
29654869
29653915
29652559
29651878
29650565
29650452
29650451
29650424
29649144
29649101
29649078
29645009
29643756
29643434
29643376
29642875
29642685
29641911
29637551
29637157
29637127
29636758
29635966
29635854
29635501
29635408
29634772
29634746
29632704
29632633
29631649
29631577
29631549
29630431
29629190
29629018
29629015
29628919
29628118
29628084
29627147
29626665
29625902
29625349
29625170
29624948
29623683
29622012
29622003
29620927
29618644
29618367
29616236
29616202
29616146
29615503
29615443
29615129
29614069
29611500
29610992
29610635
29609618
29609567
29608933
29608727
29607324
29606199
29606144
29606133
29606106
29605263
29604153
29604074
29603484
29603110
29602751
29602185
29601404
29600909
29600595
29599081
29596369
29596217
29595836
29594962
29594685
29594499
29593757
29590175
29590150
29590058
29590054
29589991
29589793
29589096
29589041
29588970
29588951
29588948
29588550
29588414
29587796
29587734
29584918
29584732
29584706
29582728
29582340
29582158
29582073
29581994
29581211
29580610
29580207
29579957
29579943
29577643
29577231
29576942
29576808
29576663
29576021
29576014
29576000
29574688
29573239
29571921
29571301
29570495
29570471
29570206
29569396
29568627
29568621
29567408
29566732
29566040
29565733
29565011
29564965
29564957
29564879
29564118
29564115
29562997
29562979
29562897
29562286
29561063
29560570
29559495
29558474
29558253
29557831
29557673
29557339
29557326
29557288
29556741
29555938
29555431
29554577
29553629
29553474
29551194
29550180
29550027
29549650
29549589
29547445
29547434
29547066
29546802
29546039
29545510
29545508
29545506
29545105
29543635
29541821
29541004
29540577
29538644
29538385
29537479
29537179
29535952
29534988
29534750
29534709
29534654
29533164
29533163
29532768
29530481
29530100
29530086
29530045
29530031
29529232
29528045
29527357
29527356
29526279
29524953
29524867
29523850
29522056
29521859
29519766
29519240
29518782
29518098
29516468
29515910
29515719
29515662
29515091
29514814
29514613
29514590
29514298
29514254
29514239
29514235
29514234
29512480
29511741
29510713
29510683
29509897
29509835
29509590
29508275
29507742
29507602
29507598
29507022
29506592
29506583
29506439
29506077
29506035
29503303
29502491
29502484
29500236
29499620
29499531
29498237
29498234
29497504
29497500
29496135
29495961
29495365
29494642
29494593
29494581
29493903
29493902
29493901
29493900
29493898
29493897
29493821
29493591
29492339
29492316
29490609
29490572
29489350
29488456
29484177
29479566
29479527
29479525
29479116
29478265
29477853
29476436
29474479
29474397
29474362
29474269
29472635
29472342
29471457
29471339
29470545
29467506
29466989
29466385
29466380
29465667
29465649
29465291
29464908
29464876
29464351
29464118
29463983
29463264
29462354
29462322
29462150
29460738
29460316
29459242
29458337
29455572
29455053
29454383
29454211
29453584
29453120
29452597
29452587
29450095
29447207
29446643
29444786
29444116
29440767
29440164
29439382
29439024
29438568
29438131
29437956
29437631
29437273
29436344
29435766
29435353
29435231
29435201
29434580
29434532
29433659
29433443
29432666
29432444
29429986
29429814
29429808
29428509
29427633
29427246
29426478
29426307
29425232
29425150
29425129
29424834
29424720
29423708
29423655
29423232
29423189
29422946
29422908
29422751
29422377
29421465
29420867
29420624
29420608
29417990
29416841
29415724
29414723
29414631
29413589
29413307
29412884
29412876
29409870
29409519
29408422
29408266
29407660
29407645
29406431
29405577
29405521
29404751
29403115
29402268
29402255
29402201
29401223
29399635
29399634
29397542
29396706
29396614
29396383
29396220
29396219
29396006
29395410
29394269
29393513
29392964
29391041
29391008
29390149
29389958
29389902
29389600
29389541
29387998
29387809
29387800
29387300
29385146
29383331
29382388
29382040
29380007
29379195
29378631
29378622
29378153
29378045
29375556
29374444
29374109
29372432
29371471
29371101
29370220
29367617
29367348
29365176
29365083
29364979
29364184
29363453
29363447
29362537
29362525
29362015
29361707
29361433
29360870
29359996
29358421
29357813
29357367
29355826
29355825
29355231
29355224
29354661
29353552
29353495
29353010
29352173
29351797
29351740
29351566
29351338
29349653
29349288
29348584
29348353
29348066
29347975
29347942
29346385
29346366
29345727
29345603
29345071
29343308
29343295
29343279
29343225
29342452
29342251
29342229
29342180
29338736
29338355
29337664
29337662
29337258
29336236
29335170
29334890
29334547
29333288
29332730
29332686
29332516
29331379
29330454
29330384
29329448
29329299
29329230
29328512
29324985
29324906
29324858
29324811
29324780
29324636
29322590
29322038
29321908
29321632
29321271
29321026
29321011
29320493
29318647
29317437
29316966
29316925
29316917
29316883
29316511
29316411
29315327
29314658
29314480
29314142
29313480
29313478
29313465
29311927
29310654
29310651
29310580
29309859
29309556
29309411
29308225
29308197
29308116
29308037
29307384
29306836
29306587
29304805
29304798
29304793
29304786
29304780
29304377
29304084
29304049
29302131
29301964
29301912
29299019
29299006
29298670
29298338
29298303
29298106
29297500
29297437
29297435
29297398
29297375
29296171
29296160
29296157
29296156
29296154
29296151
29296150
29296149
29296146
29296141
29296136
29296104
29295533
29295321
29295262
29295192
29294671
29294640
29294401
29293578
29293156
29291867
29291251
29291198
29290914
29290885
29290829
29289941
29288407
29287330
29287090
29287070
29284987
29284748
29284703
29284522
29284490
29284476
29284306
29284003
29283997
29283427
29282109
29281988
29281932
29281636
29281137
29280769
29280757
29280432
29280300
29277491
29276743
29276620
29276616
29273982
29273309
29273114
29272846
29272532
29272368
29271949
29271115
29270709
29268789
29267298
29266122
29265663
29265658
29265654
29264852
29264760
29264703
29263883
29263626
29262800
29261813
29261766
29261507
29261505
29261450
29260652
29260004
29259218
29258832
29258576
29258549
29258407
29258342
29255567
29255552
29255304
29254916
29254731
29254707
29254362
29253722
29253201
29252970
29249452
29249201
29248873
29248414
29248255
29248096
29248095
29248090
29247049
29246326
29246186
29246138
29245458
29244989
29244495
29244107
29244104
29243402
29243385
29242486
29242446
29242195
29241618
29241615
29240894
29237583
29237494
29236362
29234011
29232703
29232377
29230317
29227955
29227691
29227389
29226959
29226793
29226708
29225949
29225937
29225935
29224691
29223686
29222956
29222078
29221534
29220115
29219076
29217374
29216866
29216852
29214159
29212522
29212460
29211914
29211746
29210185
29209590
29209498
29209488
29209100
29208588
29208045
29208030
29208026
29207988
29207966
29206727
29206184
29206083
29205887
29204470
29203846
29200254
29200251
29199858
29199409
29199108
29198911
29197397
29197235
29197067
29195702
29195639
29194545
29194544
29194543
29193692
29193667
29192523
29191415
29191247
29191193
29190792
29190300
29188039
29188037
29187954
29186147
29186111
29185019
29184597
29184373
29184365
29184164
29183385
29183300
29182673
29181634
29181453
29181450
29181224
29179954
29179872
29178956
29178404
29177535
29177099
29177098
29176849
29176778
29175225
29175094
29173215
29170903
29170808
29170422
29170225
29169333
29168218
29168148
29167677
29167557
29164648
29164137
29162175
29162099
29162065
29162048
29161827
29160927
29160792
29160187
29159537
29159260
29158512
29157288
29155849
29155830
29155288
29155205
29154638
29152597
29152596
29150377
29149905
29149877
29149319
29149315
29148385
29147677
29147646
29147054
29147041
29146662
29145875
29145842
29145804
29145454
29143644
29143625
29143618
29143187
29142953
29142587
29141612
29141606
29140932
29140577
29140236
29138660
29138657
29138653
29138640
29138460
29138211
29137678
29137506
29136226
29136150
29135779
29135656
29135646
29135578
29135576
29134178
29133803
29132760
29132759
29132687
29132398
29132323
29130680
29130605
29130333
29130123
29129186
29128910
29126433
29125454
29124750
29124082
29121978
29121954
29121079
29121004
29120433
29120319
29120317
29119491
29119410
29118939
29117351
29117349
29117322
29117141
29116127
29115961
29115708
29113602
29112745
29112074
29111084
29110724
29110670
29109379
29108797
29108555
29108000
29107977
29107569
29107565
29104769
29103631
29103287
29102168
29100753
29100529
29099780
29098809
29098110
29098016
29097339
29096948
29095928
29094456
29094095
29094093
29093961
29093948
29093263
29091715
29090394
29090271
29089603
29089504
29088219
29087434
29086875
29086630
29086217
29085377
29085254
29084588
29084570
29083456
29082268
29082019
29082016
29081995
29081993
29081894
29081828
29080611
29080301
29080284
29079946
29079606
29079186
29078819
29078773
29078366
29077728
29076967
29076883
29076401
29075505
29074880
29073928
29073202
29073144
29072943
29072933
29072498
29072204
29067855
29067141
29066593
29065854
29065166
29063732
29063354
29063228
29062918
29062916
29062911
29062078
29062060
29059205
29059190
29058605
29058457
29057716
29056574
29056423
29054547
29053822
29053576
29052018
29051705
29051441
29051379
29050889
29049412
29048537
29048509
29048283
29047004
29046582
29045665
29045595
29045429
29045404
29045275
29044367
29043890
29043423
29042191
29041936
29040666
29040656
29040633
29040267
29040262
29039800
29038829
29037412
29037287
29036530
29036415
29036378
29034123
29033136
29033034
29032631
29032396
29031820
29031815
29031011
29029867
29029086
29029033
29028662
29028659
29028275
29027836
29026997
29026399
29026387
29025826
29025480
29025479
29025420
29025398
29024632
29023464
29023138
29022054
29021774
29020970
29020966
29020846
29020230
29019978
29018841
29018599
29018067
29017605
29017572
29017550
29017539
29017483
29016638
29016523
29016323
29016317
29016290
28994345
28992303
28992220
28991913
28991909
28990670
28990417
28989980
28989861
28989180
28984493
28983847
28983133
28982175
28981667
28981505
28981457
28980833
28980521
28980215
28979628
28979621
28978495
28978294
28978288
28976046
28975484
28974208
28974204
28974171
28973672
28973483
28969654
28968877
28968759
28968447
28968393
28966793
28966048
28966047
28966046
28965672
28965533
28965304
28965235
28964364
28964312
28963240
28963171
28962566
28962552
28961737
28961676
28961238
28960243
28959439
28951987
28950919
28948926
28948472
28947909
28947325
28946888
28946854
28944990
28944301
28944300
28944299
28943879
28942108
28941104
28940208
28939989
28939979
28939581
28938885
28938870
28938123
28937082
28936419
28936418
28935778
28934463
28934430
28934428
28934375
28934333
28934312
28933421
28933280
28932770
28931915
28931859
28931756
28931584
28931399
28931236
28931140
28931136
28929127
28928433
28928185
28927428
28927420
28926949
28926642
28926628
28926009
28925740
28925342
28925056
28925036
28924616
28924198
28924183
28923540
28923070
28923011
28919349
28918468
28917960
28917958
28917702
28917701
28915992
28915991
28915986
28915796
28913655
28912951
28912368
28911764
28911762
28911758
28911332
28911328
28911325
28911226
28911061
28910280
28906541
28905131
28905004
28904953
28904707
28904705
28904691
28904656
28903759
28903758
28903628
28902680
28901831
28901285
28899379
28899355
28899162
28894986
28894259
28893995
28893728
28893304
28893268
28891957
28891350
28891343
28886724
28886176
28886072
28886013
28885892
28885519
28885271
28884701
28884158
28883985
28883981
28883972
28883968
28883927
28882657
28882548
28880965
28880962
28880904
28880880
28880878
28880813
28879153
28879133
28879123
28879121
28879116
28879112
28878055
28878035
28877729
28877208
28876569
28876554
28876312
28875567
28875308
28874830
28873744
28873690
28873564
28873442
28873394
28867987
28867279
28865422
28865146
28863305
28863133
28862073
28861841
28861459
28859429
28859090
28856450
28856440
28854925
28854135
28853909
28852026
28851770
28851383
28851358
28851113
28850856
28850581
28849341
28847156
28847005
28845789
28845466
28845463
28845286
28845270
28845262
28845248
28844790
28844352
28844328
28841899
28841843
28838199
28838189
28838187
28838184
28838178
28838156
28836977
28836937
28835215
28833040
28832929
28832624
28832604
28832243
28831829
28831704
28831171
28831122
28831015
28830835
28830492
28830439
28830429
28830104
28830098
28828875
28826252
28826229
28826135
28822936
28822206
28821916
28821530
28821220
28820881
28820718
28820692
28820371
28819635
28819541
28819505
28819256
28819225
28819030
28818901
28818582
28818075
28818071
28817590
28817563
28817530
28815343
28814396
28814295
28813542
28812788
28812457
28811652
28810866
28810843
28809935
28809770
28808671
28808204
28807953
28807627
28807181
28807173
28806985
28806952
28806740
28806597
28805733
28805017
28804077
28803088
28801004
28799899
28799825
28798952
28798806
28798761
28798272
28797062
28797022
28796791
28796200
28794686
28794098
28792500
28792403
28792389
28791544
28790858
28789913
28789724
28789674
28787794
28787328
28787293
28787002
28785268
28785230
28784282
28784155
28784129
28783784
28783751
28783318
28783028
28781399
28780992
28780885
28780151
28780116
28779803
28778169
28777265
28776110
28775938
28775764
28775654
28775391
28774885
28774873
28774694
28774306
28771637
28771558
28771520
28771495
